53488
20211
3323
24377
58881
51929
57669
15142
52386
57795
26747
57601
52124
20779
53509
52612
54890
9622
3347
3922
64570
25243
64258
10551
58819
20253
25452
3183
41993
33566
10071
5990
29623
29240
34375
55535
36502
6312
19558
27289
35576
65136
36745
3745
53410
60321
3946
58186
45495
57604
41936
18443
25001
1247
23629
4293
13546
64646
33433
63444
17233
16923
37745
43506
6310
20087
37473
28998
8234
52635
29192
42325
48896
39050
64544
11025
48760
31953
12546
45547
46399
28451
44853
65430
25429
51618
40316
51935
19370
31834
62926
784
111
7042
254
32302
36170
7565
62250
62195
15297
32173
4244
28003
27585
48994
59635
47963
14644
13628
41689
42345
1231
11299
51140
43339
52717
26486
13779
24351
41611
62533
27478
14128
53705
32811
24734
64025
50844
989
17857
17710
28609
42811
25217
53315
58886
25432
49686
63992
41007
26329
8680
40282
26190
46919
46498
20205
48049
3940
